chr	rs	ps	n_miss	allele1	allele0	af	beta	se	l_remle	l_mle	p_wald	p_lrt	p_score
1	rs3131972	752721	0	A	G	0.196	-6.686090e-02	1.318079e-01	1.000000e-05	1.000000e+05	6.145055e-01	3.915884e-01	3.980959e-01
1	rs13303010	894573	0	A	G	0.446	-1.599107e-01	1.435082e-01	6.614255e-01	1.000000e+05	2.712020e-01	1.418481e-01	1.536275e-01
1	rs15842	948921	0	C	T	0.500	-1.027528e-01	1.453644e-01	4.672081e-01	1.000000e+05	4.833781e-01	5.221995e-01	5.264342e-01
1	rs2710888	959842	1	C	T	0.467	6.725412e-02	1.065870e-01	1.000000e-05	1.000000e+05	5.313186e-01	1.949718e-01	2.057687e-01
1	rs3128126	962210	2	G	A	0.205	-1.803288e-01	1.223583e-01	1.000000e-05	1.000000e+05	1.476605e-01	8.346200e-01	8.356219e-01
1	rs3934834	1005806	0	T	C	0.478	5.569121e-02	8.489727e-02	1.000000e-05	1.000000e+05	5.152506e-01	3.136985e-01	3.218419e-01
1	rs11260588	1021658	0	A	G	0.478	9.612700e-02	1.372861e-01	4.113313e-01	1.000000e+05	4.874916e-01	7.484409e-01	7.500940e-01
1	rs2298217	1064979	0	T	C	0.141	-5.361304e-02	1.672115e-01	1.000000e-05	1.000000e+05	7.500087e-01	7.205303e-01	7.224256e-01
1	rs12145826	1066029	0	G	A	0.489	-4.288475e-02	8.620205e-02	1.000000e-05	1.000000e+05	6.213200e-01	3.170418e-01	3.251115e-01
1	rs7553429	1090557	0	C	A	0.207	3.801573e-02	1.408545e-01	1.000000e-05	1.000000e+05	7.885039e-01	7.703186e-01	7.717935e-01
1	rs1891905	1100217	0	C	T	0.380	-6.243130e-02	1.005849e-01	3.371618e-02	1.000000e+05	5.380104e-01	3.054670e-01	3.137927e-01
1	rs1320565	1119858	0	T	C	0.467	4.075677e-02	8.404816e-02	1.000000e-05	1.000000e+05	6.301375e-01	6.408121e-01	6.435055e-01
1	rs11260549	1121794	0	A	G	0.478	1.112451e-01	1.035213e-01	1.373843e-01	1.000000e+05	2.884068e-01	2.865921e-01	2.953409e-01
1	rs3819001	1138913	0	C	T	0.163	-9.312021e-02	1.266026e-01	1.000000e-05	1.000000e+05	4.659187e-01	2.562576e-01	2.656945e-01
1	rs7515488	1163804	0	T	C	0.065	4.177954e-01	2.215036e-01	8.529528e-02	1.000000e+05	6.588201e-02	3.707974e-02	4.773667e-02
1	rs6675798	1176597	0	C	T	0.457	5.128641e-02	8.638930e-02	4.400170e-02	1.000000e+05	5.557752e-01	8.085489e-01	8.097343e-01
1	rs7524470	1192515	0	G	A	0.467	-4.063596e-03	1.183083e-01	2.091431e-01	1.000000e+05	9.727554e-01	1.196986e-01	1.317511e-01
1	rs6685064	1211292	0	T	C	0.120	-2.021096e-01	1.421311e-01	1.000000e-05	1.000000e+05	1.620781e-01	4.635623e-01	4.687398e-01
1	rs12142199	1249187	0	A	G	0.489	-1.220097e-02	7.984402e-02	1.000000e-05	1.000000e+05	8.792467e-01	6.518792e-01	6.544515e-01
1	rs307354	1264539	0	G	C	0.109	-5.130403e-07	1.285101e-01	1.000000e-05	1.000000e+05	9.999968e-01	8.171980e-01	8.183214e-01
1	rs6603811	1706136	0	T	C	0.120	-4.042209e-02	1.452326e-01	1.000000e-05	1.000000e+05	7.820654e-01	2.008135e-01	2.114866e-01
1	rs28508199	1852484	0	A	G	0.337	-1.778761e-02	9.639253e-02	1.000000e-05	1.000000e+05	8.544432e-01	9.088839e-01	9.094110e-01
1	rs262654	2089526	1	A	G	0.389	-3.731457e-02	9.351784e-02	1.000000e-05	1.000000e+05	6.918157e-01	9.473622e-01	9.476625e-01
1	rs2840542	2291680	0	T	C	0.315	2.058583e-01	9.391198e-02	1.000000e-05	1.000000e+05	3.371228e-02	5.629548e-01	5.666070e-01
1	rs2840538	2299651	0	T	C	0.304	1.602786e-01	9.944340e-02	1.000000e-05	1.000000e+05	1.141658e-01	7.233094e-01	7.251798e-01
1	rs6667605	2502780	0	T	C	0.467	1.682344e-01	1.091775e-01	1.000000e-05	1.000000e+05	1.304966e-01	3.667346e-02	4.730080e-02
1	rs2296443	2522392	2	A	G	0.341	2.481090e-07	1.296648e-01	1.000000e-05	1.000000e+05	9.999985e-01	4.558854e-01	4.611957e-01
1	rs1456465	2811814	0	A	G	0.435	-1.661685e-01	1.139639e-01	3.380480e-01	1.000000e+05	1.519198e-01	4.046913e-02	5.135518e-02
1	rs2045331	2842270	0	A	G	0.489	-1.000894e-01	1.011739e-01	1.000000e-05	1.000000e+05	3.279352e-01	7.223290e-01	7.242081e-01
1	rs2045332	2842319	0	A	G	0.315	-2.671279e-02	1.180995e-01	1.000000e-05	1.000000e+05	8.221020e-01	9.878002e-01	9.878693e-01
1	rs1473386	2852206	0	T	C	0.446	1.431138e-01	1.011017e-01	1.000000e-05	1.000000e+05	1.639489e-01	6.615904e-02	7.805680e-02
1	rs10797368	2852707	0	A	C	0.109	-1.446573e-01	1.357515e-01	1.000000e-05	1.000000e+05	2.924154e-01	8.435860e-01	8.445271e-01
1	rs2485945	2883932	0	C	T	0.337	6.221955e-02	1.036989e-01	1.000000e-05	1.000000e+05	5.515826e-01	8.108203e-01	8.119893e-01
1	rs10909852	2905605	0	C	T	0.293	1.987776e-02	1.018952e-01	1.000000e-05	1.000000e+05	8.462280e-01	9.715513e-01	9.717128e-01
1	rs12562637	2924666	0	T	C	0.217	-1.918361e-06	1.059039e-01	1.000000e-05	1.000000e+05	9.999856e-01	1.501912e-01	1.618407e-01
1	rs7538096	3057661	0	C	T	0.228	-3.420489e-01	1.401684e-01	1.000000e+05	1.000000e+05	1.877287e-02	1.567612e-02	2.378906e-02
1	rs2483274	3248098	0	A	G	0.489	-1.087998e-01	1.053825e-01	1.000000e-05	1.000000e+05	3.075135e-01	2.605340e-01	2.698737e-01
1	rs17399998	3305016	0	T	C	0.478	3.582563e-02	9.661567e-02	1.000000e-05	1.000000e+05	7.125617e-01	3.425614e-01	3.500778e-01
1	rs2244013	3342530	0	A	G	0.239	7.419624e-02	1.388048e-01	1.000000e-05	1.000000e+05	5.956613e-01	4.948971e-01	4.995551e-01
1	rs2821007	3546935	0	A	G	0.054	-1.121957e-01	2.415815e-01	1.000000e-05	1.000000e+05	6.446355e-01	4.113542e-01	4.174777e-01
1	rs10737402	4178303	0	T	C	0.500	1.790685e-01	9.663298e-02	1.454459e-01	1.000000e+05	7.058474e-02	1.673698e-01	1.787179e-01
1	rs2411738	4326368	0	A	G	0.413	4.423180e-02	1.073121e-01	1.000000e-05	1.000000e+05	6.822097e-01	4.539154e-01	4.592601e-01
1	rs1817914	4367922	0	T	C	0.304	-1.769238e-01	1.212536e-01	1.000000e-05	1.000000e+05	1.516342e-01	5.280438e-01	5.321913e-01
1	rs1495239	4370074	0	T	C	0.467	7.280341e-02	8.870036e-02	2.387497e-02	1.000000e+05	4.161968e-01	2.552619e-01	2.647214e-01
1	rs350193	4554214	0	T	C	0.391	-2.956494e-02	8.779037e-02	1.000000e-05	1.000000e+05	7.378933e-01	9.755228e-01	9.756616e-01
1	rs609506	4558933	0	T	C	0.283	8.582147e-02	1.051089e-01	1.000000e-05	1.000000e+05	4.186126e-01	4.003339e-01	4.066698e-01
1	rs1849943	4649316	0	A	G	0.217	-5.778955e-02	1.225891e-01	1.000000e-05	1.000000e+05	6.396782e-01	4.609080e-01	4.661312e-01
1	rs397559	4820799	1	C	T	0.256	9.122380e-02	1.157245e-01	1.000000e-05	1.000000e+05	4.347570e-01	9.866982e-01	9.867736e-01
1	rs2169090	5164424	1	C	T	0.378	4.866621e-02	9.580241e-02	1.000000e-05	1.000000e+05	6.140010e-01	6.498481e-01	6.524424e-01
1	rs10733013	5168663	0	T	C	0.359	-9.871221e-02	1.004917e-01	1.000000e-05	1.000000e+05	3.313268e-01	5.363628e-01	5.403885e-01
1	rs1573738	5561229	1	C	T	0.367	1.559139e-01	9.993199e-02	1.000000e-05	1.000000e+05	1.258772e-01	1.680014e-01	1.793377e-01
1	rs770706	5747373	0	G	A	0.424	-1.928047e-02	1.003464e-01	1.000000e-05	1.000000e+05	8.485173e-01	3.357861e-01	3.434477e-01
1	rs9434741	6217859	0	G	A	0.457	-1.433166e-01	1.257851e-01	4.860766e-01	1.000000e+05	2.607111e-01	2.034498e-01	2.140663e-01
1	rs4908863	6247066	0	T	C	0.174	1.337214e-01	1.060364e-01	1.000000e-05	1.000000e+05	2.139222e-01	3.051665e-01	3.134990e-01
1	rs11121449	6252443	1	T	C	0.367	-3.269487e-03	8.003773e-02	1.000000e-05	1.000000e+05	9.676008e-01	4.121693e-01	4.182773e-01
1	rs4243829	6577765	0	T	C	0.207	-9.899675e-02	1.304869e-01	1.000000e-05	1.000000e+05	4.520938e-01	1.942077e-01	2.050207e-01
1	rs6577412	7128485	0	A	G	0.457	3.181343e-01	1.464325e-01	1.000000e+05	1.000000e+05	3.524192e-02	3.038384e-02	4.048529e-02
1	rs4243825	7308264	0	T	C	0.370	1.206301e-01	1.008896e-01	1.000000e-05	1.000000e+05	2.382317e-01	2.429167e-01	2.526565e-01
1	rs12565108	7501060	0	T	C	0.304	-1.146643e-01	9.756456e-02	1.035727e-01	1.000000e+05	2.462090e-01	1.822384e-01	1.932977e-01
1	rs17030902	7518698	0	C	T	0.315	1.284560e-01	1.010409e-01	8.252948e-02	1.000000e+05	2.102920e-01	6.202691e-01	6.231971e-01
1	rs10864304	7557152	0	G	A	0.283	3.412481e-02	9.430167e-02	1.000000e-05	1.000000e+05	7.191824e-01	7.830944e-01	7.844696e-01
1	rs1725265	7558193	0	A	G	0.467	1.215092e-01	9.347854e-02	1.000000e-05	1.000000e+05	2.004171e-01	5.674184e-01	5.710103e-01
1	rs10864324	8146689	0	G	C	0.293	-1.190734e-01	1.044276e-01	2.757867e-01	1.000000e+05	2.603518e-01	1.634143e-01	1.748353e-01
1	rs1004557	9076897	0	T	C	0.272	2.335119e-02	1.104242e-01	1.000000e-05	1.000000e+05	8.334985e-01	4.639714e-01	4.691419e-01
1	rs1294014	9325676	0	T	C	0.413	1.398189e-01	9.322882e-02	1.000000e-05	1.000000e+05	1.408238e-01	7.651750e-02	8.858719e-02
1	rs2071931	9329289	0	T	C	0.272	-1.067791e-01	1.044226e-01	1.000000e-05	1.000000e+05	3.121021e-01	4.499951e-01	4.554087e-01
1	rs11121389	9422435	0	T	C	0.196	-4.461184e-07	1.241525e-01	1.000000e-05	1.000000e+05	9.999971e-01	1.529955e-01	1.645987e-01
1	rs1220398	9994339	0	A	G	0.109	1.277767e-01	1.817291e-01	1.000000e-05	1.000000e+05	4.856870e-01	9.571122e-01	9.573563e-01
1	rs10864463	10613560	0	A	G	0.185	-1.495456e-01	1.229883e-01	1.000000e-05	1.000000e+05	2.304938e-01	9.644827e-01	9.646846e-01
1	rs11121742	11520653	0	G	T	0.337	4.671644e-02	8.994735e-02	1.000000e-05	1.000000e+05	6.061019e-01	7.451910e-01	7.468714e-01
1	rs6541024	12565147	0	T	C	0.217	-3.952061e-02	1.014569e-01	1.000000e-05	1.000000e+05	6.987623e-01	3.900811e-01	3.966184e-01
1	rs12404105	15596180	1	T	C	0.400	2.054805e-02	9.455827e-02	1.000000e-05	1.000000e+05	8.289747e-01	6.994539e-01	7.015442e-01
1	rs477590	15643218	0	G	A	0.424	-1.928117e-02	1.003471e-01	1.000000e-05	1.000000e+05	8.485128e-01	1.023858e-01	1.145509e-01
1	rs6701290	16188681	0	G	A	0.272	-6.406872e-02	1.052147e-01	1.000000e-05	1.000000e+05	5.456999e-01	6.792176e-01	6.815055e-01
1	rs12565367	18420144	1	G	A	0.256	2.583539e-02	9.445710e-02	1.000000e-05	1.000000e+05	7.857376e-01	6.863801e-01	6.885968e-01
1	rs12128025	18750431	0	T	C	0.402	-8.550089e-02	9.366289e-02	1.000000e-05	1.000000e+05	3.662923e-01	1.629445e-01	1.743741e-01
1	rs2268805	19679556	0	G	A	0.435	-1.292140e-01	1.042969e-01	1.000000e-05	1.000000e+05	2.219490e-01	4.298400e-01	4.356171e-01
1	rs10916703	20395497	0	A	G	0.283	-5.665282e-02	8.561792e-02	1.000000e-05	1.000000e+05	5.116183e-01	4.486308e-01	4.540686e-01
1	rs12131925	23199044	0	T	C	0.304	4.007026e-02	1.021609e-01	1.000000e-05	1.000000e+05	6.967840e-01	6.959181e-01	6.980421e-01
1	rs116119	23219187	0	T	C	0.435	1.742441e-01	1.203756e-01	1.000000e-05	1.000000e+05	1.548438e-01	1.406698e-01	1.524666e-01
1	rs2749152	23566663	0	G	A	0.174	6.927682e-02	1.341547e-01	1.000000e-05	1.000000e+05	6.081643e-01	6.869238e-01	6.891352e-01
1	rs2038027	23848042	1	A	G	0.333	2.179507e-01	9.472559e-02	1.000000e-05	1.000000e+05	2.619656e-02	1.333473e-01	1.452453e-01
1	rs2640467	29556158	2	T	C	0.375	-1.443321e-01	1.015120e-01	1.000000e-05	1.000000e+05	1.621275e-01	1.775594e-01	1.887119e-01
1	rs10799128	29603999	2	T	C	0.386	2.964980e-02	8.791717e-02	1.000000e-05	1.000000e+05	7.375343e-01	4.661147e-01	4.712485e-01
1	rs7534377	30191202	0	A	G	0.348	-6.301543e-02	9.024771e-02	1.000000e-05	1.000000e+05	4.886951e-01	6.550061e-01	6.575448e-01
1	rs895796	30368883	1	T	C	0.400	-1.704686e-02	8.613242e-02	1.000000e-05	1.000000e+05	8.440235e-01	2.831255e-01	2.919526e-01
1	rs10798862	31976017	0	T	C	0.435	-3.965526e-02	1.016303e-01	1.000000e-05	1.000000e+05	6.982777e-01	8.505684e-01	8.514629e-01
1	rs2618779	34530895	0	C	T	0.304	7.419335e-02	9.783022e-02	1.000000e-05	1.000000e+05	4.522615e-01	4.740848e-01	4.790838e-01
1	rs7550047	36567343	0	G	A	0.326	4.559184e-01	1.614766e-01	1.000000e+05	1.000000e+05	7.110383e-03	5.647365e-03	1.096444e-02
1	rs1008045	39284747	0	A	G	0.413	-3.758100e-02	9.894719e-02	1.000000e-05	1.000000e+05	7.059146e-01	2.039441e-01	2.145500e-01
1	rs886738	55261752	1	T	C	0.400	-1.587349e-02	1.018130e-01	1.000000e-05	1.000000e+05	8.768184e-01	6.750322e-01	6.773623e-01
1	rs11585171	68055347	0	G	A	0.467	-8.115749e-02	9.129643e-02	1.000000e-05	1.000000e+05	3.788670e-01	5.137914e-01	5.181536e-01
1	rs12760348	75239966	0	C	T	0.272	-1.967622e-02	1.013709e-01	1.000000e-05	1.000000e+05	8.469900e-01	9.169140e-01	9.173929e-01
1	rs2629824	114687316	0	A	G	0.304	-1.202113e-01	1.007200e-01	1.000000e-05	1.000000e+05	2.390618e-01	9.614492e-01	9.616684e-01
1	rs12067803	219306923	0	G	A	0.348	3.362568e-02	9.361095e-02	1.000000e-05	1.000000e+05	7.211586e-01	2.522193e-01	2.617480e-01
4	rs980387	112538240	0	T	C	0.446	1.431112e-01	1.011011e-01	1.000000e-05	1.000000e+05	1.639541e-01	9.414947e-01	9.418290e-01
5	rs1586726	108911085	0	C	T	0.228	6.406687e-02	1.052144e-01	1.000000e-05	1.000000e+05	5.457104e-01	8.898909e-01	8.905339e-01
18	rs1371982	27418599	0	T	C	0.239	9.311975e-02	1.094159e-01	1.000000e-05	1.000000e+05	3.993427e-01	1.677046e-01	1.790465e-01
18	rs12954545	27546224	0	T	C	0.022	-5.227280e-01	3.611261e-01	1.000000e-05	1.000000e+05	1.548465e-01	1.228471e-01	1.348684e-01
18	rs10502549	27996783	1	G	C	0.067	8.333344e-02	1.522440e-01	1.000000e-05	1.000000e+05	5.868921e-01	4.491541e-01	4.545827e-01
